692
7
499 385 356 235 242 473 403
8
483 380 459 265 334 490 483 320
8
230 262 484 236 484 385 494 488
2
201 400
6
214 303 249 252 339 427
4
372 462 451 447
9
291 449 477 261 375 469 301 321 249
7
265 321 350 481 285 398 479
10
330 261 368 385 373 407 293 335 378 420
8
290 456 358 473 376 355 431 286
4
254 376 206 280
4
303 373 443 337
10
382 372 211 211 236 328 441 276 292 276
6
333 431 346 357 253 341
7
376 430 399 232 447 370 274
6
227 263 349 410 274 318
10
429 453 486 242 446 365 278 443 334 234
10
468 255 490 232 447 490 348 285 288 391
2
372 226
6
363 496 458 226 423 243
2
482 294
3
312 293 201
8
359 478 281 238 372 379 403 380
8
370 446 442 367 298 239 251 433
5
204 209 385 447 393
8
226 393 204 224 354 258 399 365
2
406 439
8
367 409 417 213 428 216 467 493
10
220 270 457 367 451 377 299 247 310 469
8
368 479 339 405 293 348 458 477
6
371 398 436 389 466 428
4
262 372 340 484
6
286 406 229 408 411 457
4
400 467 440 259
3
205 392 323
3
346 444 398
5
355 406 372 379 377
5
428 466 392 500 204
2
374 468
6
238 386 296 390 232 281
5
322 297 354 276 282
8
233 431 486 354 208 379 392 245
10
304 315 419 457 279 287 345 478 249 412
3
311 238 284
5
277 389 327 428 391
9
309 233 359 334 389 311 440 285 492
10
309 443 323 277 383 265 417 232 422 246
2
339 254
9
209 262 356 472 298 376 386 268 242
8
484 449 398 236 418 486 333 343
8
455 435 345 247 271 447 351 218
5
276 251 294 294 450
5
498 269 307 323 335
9
489 454 426 446 304 364 394 403 484
2
409 260
8
342 336 384 208 232 306 427 410
9
376 335 461 316 442 387 490 261 444
8
213 253 217 227 475 442 339 262
9
446 376 333 324 295 377 252 473 406
5
373 216 320 467 321
8
319 202 349 299 372 332 382 361
3
289 215 345
4
376 268 208 372
8
327 207 200 496 238 233 200 250
10
388 495 475 257 286 344 452 496 494 240
10
451 362 285 245 280 317 303 445 446 360
5
344 263 488 290 238
10
403 450 401 271 294 405 451 373 259 256
6
416 258 346 418 500 349
10
399 417 294 214 494 308 401 375 267 241
6
408 420 398 490 499 487
4
310 303 456 399
4
241 352 207 439
9
431 388 479 309 483 307 436 208 259
6
420 206 359 219 332 493
10
233 443 423 360 443 318 417 472 218 434
7
271 316 468 296 240 463 214
9
244 471 404 302 372 340 289 304 477
10
270 281 359 285 441 353 468 264 465 310
10
297 445 490 334 252 418 309 420 396 297
2
348 229
2
262 370
10
280 248 497 253 497 425 469 291 365 299
9
255 410 313 414 267 247 319 483 447
4
412 421 262 296
10
318 362 331 425 432 369 439 394 429 306
9
447 494 371 312 461 265 422 316 206
5
257 293 302 415 270
3
246 460 214
4
212 341 464 418
10
219 325 461 261 347 220 327 331 203 471
4
486 226 321 427
5
385 498 309 227 461
6
316 436 445 307 469 450
4
348 415 390 258
10
471 333 214 351 351 438 368 470 221 430
8
368 282 286 319 305 225 315 200
2
281 477
4
271 240 463 387
2
491 273
5
224 310 452 365 324
6
426 318 294 299 325 436
8
419 401 201 360 253 223 334 223
3
286 496 236
6
461 485 338 276 353 200
3
365 392 487
3
414 324 265
5
495 270 235 260 350
4
431 474 233 477
6
219 360 473 405 394 416
3
244 202 429
3
481 300 302
5
348 418 437 215 246
6
454 390 300 466 430 223
9
376 342 375 210 441 469 385 403 238
4
232 355 443 485
2
413 276
10
322 318 278 255 211 334 308 274 453 353
6
388 203 305 373 494 276
8
237 294 295 239 350 425 492 484
5
490 360 479 347 252
5
269 347 242 403 238
5
425 234 205 203 203
2
346 357
3
369 260 470
10
239 364 231 490 227 341 289 361 401 293
7
240 282 454 481 202 349 388
3
346 349 465
6
242 431 201 402 413 407
4
385 256 242 310
8
284 432 500 386 373 218 275 331
10
390 274 422 476 231 428 205 471 450 498
4
407 466 305 407
6
288 379 379 226 432 276
10
367 281 214 300 343 338 407 451 256 317
3
333 265 378
5
400 297 477 259 298
10
469 289 451 281 338 283 309 328 316 329
6
426 346 383 275 322 225
5
312 408 400 243 228
2
375 328
4
304 417 394 308
6
257 324 476 212 213 471
5
438 455 378 283 320
5
273 462 481 348 326
7
270 458 335 290 203 404 239
7
429 292 477 285 362 423 430
6
388 488 388 438 390 373
7
204 328 459 378 326 349 298
7
408 203 418 494 335 277 354
5
422 415 446 330 276
6
462 205 492 362 427 320
5
305 459 348 330 286
8
313 332 289 382 351 421 298 446
3
423 238 387
9
293 206 389 443 407 474 358 359 428
2
477 461
4
314 224 449 288
9
489 500 489 290 381 470 305 409 408
4
216 434 293 379
7
318 273 488 275 307 449 285
9
485 419 452 475 291 339 307 444 426
3
475 490 252
7
438 360 294 321 224 333 265
5
220 208 483 432 231
3
281 458 491
10
481 437 462 483 429 219 267 228 259 449
8
382 254 228 476 248 408 485 237
7
446 396 215 485 319 317 333
3
434 497 309
6
289 445 438 245 313 316
3
282 464 385
10
435 244 422 406 200 364 410 395 279 387
8
318 312 455 451 351 319 298 273
2
401 417
10
275 406 452 352 300 222 473 382 352 315
5
289 329 328 279 446
8
357 395 217 270 260 293 202 362
3
349 454 483
2
455 432
3
333 322 370
2
486 275
3
388 272 202
9
262 459 362 404 389 253 260 260 356
8
370 453 362 467 375 307 249 396
6
224 329 370 441 478 277
8
485 273 414 294 285 252 331 335
2
496 272
5
351 435 362 477 369
5
314 306 285 273 293
10
435 251 277 496 239 330 456 456 329 453
10
216 483 418 220 378 352 489 485 212 378
10
267 269 267 374 367 469 442 248 216 461
9
389 454 421 217 290 437 305 304 306
6
469 409 327 467 487 439
6
325 230 498 449 251 283
6
275 324 263 343 262 335
6
352 290 226 203 450 271
10
454 425 436 272 332 414 478 240 480 401
9
360 263 478 342 317 409 391 280 354
5
204 489 224 351 294
2
463 353
6
281 487 212 286 423 244
2
407 290
9
385 480 294 290 476 459 431 258 392
4
266 403 298 283
7
262 403 493 268 302 379 326
10
482 247 396 360 250 407 341 448 280 331
10
451 406 212 335 415 401 339 392 234 207
6
413 482 428 283 399 372
9
276 232 281 243 284 412 368 296 476
6
342 397 490 486 209 210
9
233 450 303 250 420 211 289 230 209
10
237 241 259 227 360 472 350 436 249 494
7
496 325 276 384 366 309 404
4
329 466 215 290
9
404 311 303 379 297 201 224 339 213
5
403 480 411 303 465
2
478 247
8
446 479 426 269 371 256 500 355
4
303 266 389 421
3
231 418 327
8
344 447 451 445 495 318 267 410
10
377 352 314 306 402 472 439 215 452 458
4
341 324 312 336
5
453 434 376 432 332
4
385 212 346 321
3
446 377 478
3
350 333 478
7
432 254 371 346 381 326 407
8
249 448 430 393 445 210 381 370
2
277 218
10
208 426 321 424 382 235 365 229 317 462
10
212 292 347 317 408 479 403 395 378 399
7
201 233 451 296 414 240 478
2
376 466
8
308 427 466 223 375 367 355 260
6
490 226 375 404 478 248
8
433 243 455 426 383 465 342 222
5
410 308 349 204 482
4
363 225 346 359
3
209 342 386
5
232 438 499 351 399
7
272 494 214 375 471 466 481
10
287 242 381 408 313 414 438 327 382 239
9
368 347 271 270 438 316 248 374 351
7
247 365 428 333 499 255 278
2
438 362
9
288 396 276 320 338 338 346 257 444
6
446 429 226 268 443 359
2
384 472
6
496 434 378 464 287 261
6
358 255 341 309 424 237
4
340 482 418 318
5
435 275 280 322 388
5
343 447 260 457 348
2
294 409
10
292 448 455 234 361 277 387 361 309 376
3
390 217 377
4
299 219 444 492
10
381 234 375 333 205 468 357 213 204 410
5
296 292 454 399 204
6
409 466 312 338 385 418
3
258 362 429
4
484 344 423 267
8
448 432 212 285 201 493 313 424
10
212 365 285 403 317 239 321 352 329 273
3
462 386 461
8
430 365 376 387 433 437 401 207
9
498 374 431 272 264 306 290 241 307
9
401 455 391 312 376 331 495 500 292
8
495 226 470 245 314 395 459 379
4
490 449 344 280
9
229 404 218 220 287 417 234 237 484
3
296 453 477
5
416 287 225 355 291
5
454 397 239 252 365
5
239 470 413 345 232
4
293 342 425 257
9
303 446 233 283 387 294 436 407 408
7
452 367 428 334 232 310 264
3
425 204 228
7
465 437 216 311 392 492 312
7
227 231 328 431 318 433 415
8
233 237 475 238 353 235 428 301
5
213 337 228 466 457
3
370 371 413
10
472 465 330 459 341 454 360 272 256 366
7
284 458 406 471 442 248 459
4
365 393 251 462
5
484 470 312 256 225
9
367 398 422 257 396 500 412 339 349
2
467 383
7
266 256 200 420 493 358 470
10
236 339 323 262 394 292 371 478 313 409
8
474 403 369 229 245 403 458 251
10
201 401 408 385 459 289 314 315 246 495
6
350 200 288 318 472 259
5
398 446 480 207 218
10
363 377 336 441 435 304 358 329 471 335
3
415 366 441
2
269 497
9
243 368 369 220 335 325 399 412 235
8
312 240 368 474 298 490 276 432
9
498 315 205 467 355 378 202 372 403
8
472 214 257 438 465 319 348 225
7
377 414 227 266 203 314 436
3
280 342 394
2
475 365
2
462 392
3
388 304 396
3
205 437 391
6
472 265 458 263 281 463
4
250 281 200 483
4
449 356 362 325
5
404 369 251 364 432
2
275 425
4
381 456 336 240
9
326 432 330 269 451 237 361 350 456
9
311 277 256 282 451 357 274 488 406
2
302 337
10
342 380 491 249 366 232 357 264 339 463
4
493 366 260 346
2
334 290
5
463 479 481 432 213
6
470 369 228 365 249 487
10
286 365 418 211 488 355 288 458 440 408
4
300 430 473 320
4
333 446 499 410
9
312 294 389 310 215 303 263 231 334
3
371 402 317
4
416 255 249 352
5
209 244 249 281 203
3
338 401 310
9
398 474 347 455 290 396 427 457 371
9
421 398 353 229 224 255 346 487 348
7
362 448 361 256 366 427 201
3
427 225 224
9
377 415 481 440 329 369 404 211 316
4
285 378 237 267
10
281 244 492 235 328 358 397 220 224 390
10
230 423 354 420 363 208 228 354 207 421
4
275 432 387 321
9
257 408 291 390 452 349 430 304 242
3
207 409 321
7
340 428 447 261 395 209 472
9
489 273 238 499 440 213 353 240 401
10
474 202 229 387 265 477 464 491 219 348
10
270 334 215 380 341 303 219 409 274 434
6
305 251 384 266 319 298
5
287 414 421 401 451
10
205 261 205 468 380 248 319 264 339 340
2
297 280
4
317 269 321 285
4
313 479 445 300
10
386 442 200 276 267 207 337 414 244 332
8
343 364 466 457 468 451 269 363
10
318 483 367 234 215 240 469 491 308 373
6
417 449 421 237 352 466
5
372 433 344 494 449
5
285 242 218 497 353
7
447 467 469 201 332 448 276
6
270 464 330 441 443 397
6
337 277 471 267 421 285
8
202 335 267 203 457 341 267 420
8
321 254 312 448 273 466 337 356
6
316 445 493 453 250 289
9
343 324 486 474 315 396 415 344 221
6
460 486 287 457 237 252
4
317 226 423 454
9
248 447 414 266 336 382 498 294 404
8
220 321 407 391 271 244 486 390
7
454 400 482 450 490 223 372
5
479 336 275 341 409
10
476 485 331 299 227 500 221 471 290 262
2
498 390
4
267 205 479 225
8
494 299 453 436 311 381 449 437
7
224 300 405 497 279 308 315
7
311 439 220 364 332 371 337
2
445 262
8
298 394 376 467 263 489 294 218
8
406 247 365 447 466 454 314 293
5
346 468 369 266 311
7
307 208 319 444 411 302 346
8
293 337 318 411 273 358 300 486
8
265 406 218 220 457 476 259 464
2
444 270
7
481 224 356 234 414 354 329
7
431 212 245 274 271 224 402
4
299 340 212 337
2
500 343
9
496 283 284 484 211 453 431 454 484
4
227 326 430 458
5
292 341 333 383 387
5
359 486 390 493 301
4
360 213 305 342
7
250 216 328 500 480 489 474
7
401 475 399 361 212 438 250
4
250 441 264 309
8
261 215 284 308 371 289 370 472
7
201 459 295 306 388 286 452
2
457 322
9
485 400 311 419 344 444 460 463 301
6
495 294 425 373 479 452
5
418 411 269 485 201
9
210 210 438 494 272 201 439 367 309
6
303 346 498 283 266 248
5
477 408 467 491 448
7
308 468 334 365 480 371 355
10
464 389 490 304 407 409 361 491 435 233
3
469 358 337
6
492 296 415 409 282 432
8
446 266 234 325 462 245 312 486
6
329 330 211 432 281 468
3
460 471 371
7
419 356 377 355 376 330 232
2
293 406
4
252 204 202 355
5
219 371 403 361 459
6
351 443 387 359 459 434
8
236 254 286 425 304 381 390 242
2
215 405
6
290 234 202 247 265 417
5
363 202 239 405 446
5
332 283 273 232 456
7
352 423 482 434 247 350 239
9
361 340 352 261 317 221 241 406 491
8
227 486 326 353 298 446 384 398
6
343 329 333 239 354 469
3
228 212 206
4
286 454 421 396
8
344 308 391 238 401 475 400 325
4
315 430 407 392
9
310 291 472 470 360 356 332 373 211
3
223 471 328
8
426 285 300 329 478 329 207 340
10
489 215 447 365 442 484 312 426 421 357
4
247 211 200 349
8
276 232 322 340 327 404 290 234
9
274 209 429 312 207 361 225 411 217
2
497 317
7
423 458 479 484 272 283 475
9
364 312 302 276 378 342 257 447 402
3
297 309 282
7
440 378 356 204 419 452 397
9
238 212 357 290 354 205 372 472 473
4
473 441 362 337
6
335 452 248 480 274 267
10
255 479 375 446 267 437 376 375 274 282
8
297 317 255 466 320 387 332 385
7
217 427 275 252 399 381 475
6
217 273 443 222 490 358
6
307 416 242 241 393 397
4
221 372 292 437
7
270 489 478 452 326 456 343
6
351 421 431 408 295 496
4
252 317 499 294
9
331 348 279 376 486 421 441 395 241
5
359 426 392 271 476
7
489 255 288 387 373 353 255
2
350 300
6
231 243 401 449 278 247
8
258 446 276 328 365 222 352 373
5
363 483 369 360 380
3
408 356 396
9
219 225 259 380 247 265 240 334 359
2
411 406
4
317 225 402 448
2
374 325
5
298 477 350 414 310
5
377 428 477 286 360
10
306 482 482 469 256 231 340 489 356 353
3
334 377 298
10
239 286 207 345 425 217 342 278 316 388
6
427 420 247 292 459 398
6
225 257 276 273 458 473
7
328 203 235 342 481 327 417
7
344 374 378 361 495 287 220
4
438 309 306 441
2
326 431
4
446 309 446 353
5
351 451 246 314 454
9
313 241 271 424 316 253 490 378 398
4
200 416 359 357
2
346 400
7
275 333 403 263 482 302 430
2
290 420
5
395 374 446 289 314
4
222 419 400 438
4
261 405 406 367
9
312 430 296 307 245 497 213 482 344
7
322 248 310 226 301 312 462
3
387 230 448
7
229 335 470 398 449 303 338
6
378 449 469 202 372 330
9
283 491 298 326 485 368 292 486 359
3
489 431 283
8
362 350 348 319 381 222 334 488
8
402 381 400 339 459 353 492 428
2
230 205
8
298 277 396 416 383 423 328 293
6
245 217 376 250 450 261
4
307 266 208 458
10
423 325 347 249 319 366 382 290 475 436
10
231 257 249 340 424 274 473 265 422 464
4
479 356 342 312
7
282 270 378 497 243 445 394
2
390 286
8
321 424 494 344 483 269 476 490
2
304 493
8
294 325 368 304 491 402 238 277
10
330 471 317 236 442 286 349 408 465 441
7
439 231 339 207 305 227 277
2
256 386
6
251 384 488 313 408 249
8
396 217 202 206 462 215 472 377
2
284 346
2
389 269
7
484 332 362 374 300 486 278
4
462 419 288 349
8
338 254 497 481 237 307 356 476
7
286 414 214 372 386 475 329
7
306 200 312 494 499 210 272
2
362 221
7
486 240 366 375 375 410 252
9
376 283 203 242 391 335 247 239 442
5
294 334 468 449 363
3
375 268 469
4
265 424 441 357
6
492 295 477 241 323 481
2
424 233
8
333 382 439 301 298 335 362 440
8
459 395 385 290 203 469 259 400
4
350 447 320 427
9
291 487 203 254 374 376 225 414 202
6
285 265 289 447 413 494
10
251 278 354 206 443 321 452 498 480 406
5
241 331 382 217 320
3
478 389 447
9
380 365 250 353 204 444 296 464 252
4
273 271 460 272
2
212 461
9
268 413 405 320 248 392 229 378 450
3
274 437 279
2
406 378
2
449 497
5
214 348 418 268 328
7
242 206 399 417 242 305 422
9
212 219 266 321 364 373 308 243 201
2
257 264
8
212 426 247 344 356 282 403 372
8
495 230 315 379 478 299 315 216
7
485 300 254 492 311 361 411
10
337 353 398 308 452 364 494 425 273 359
10
243 492 203 430 326 203 251 313 378 205
8
380 481 214 286 464 386 473 218
6
250 278 318 259 241 287
4
386 285 391 289
6
366 364 275 359 483 348
6
313 468 426 305 446 331
10
499 329 346 223 225 233 351 433 468 323
7
459 412 221 413 338 334 294
6
201 250 213 442 326 242
6
418 247 332 253 483 304
9
433 384 473 455 211 207 234 472 265
2
211 296
3
480 385 499
6
291 429 389 309 275 488
3
449 237 403
6
297 389 368 355 393 213
8
388 492 391 217 464 224 269 403
4
332 474 229 202
5
288 225 240 400 313
5
402 485 252 451 410
9
250 228 362 230 298 440 222 291 292
4
280 258 242 201
2
454 424
3
331 430 375
8
446 464 454 412 289 312 248 287
9
343 370 207 251 458 273 420 287 476
10
424 238 317 389 417 442 309 349 277 348
8
289 264 343 479 278 339 407 334
9
463 285 261 205 436 323 498 461 310
8
296 284 280 452 420 297 350 373
2
309 406
8
320 345 367 375 314 434 228 408
7
429 349 348 396 347 309 315
6
489 294 353 212 493 284
4
340 380 391 354
6
211 311 355 298 463 437
4
460 215 449 352
3
492 459 386
4
442 278 345 388
9
353 287 489 458 297 442 207 315 317
2
308 314
6
467 343 236 391 274 296
6
415 438 463 280 302 261
10
346 280 435 310 483 424 494 263 476 434
8
276 273 485 241 382 201 233 484
6
235 263 332 282 462 391
8
482 458 420 305 279 341 455 265
3
418 214 338
4
281 426 424 389
3
464 310 348
4
203 353 387 333
2
419 302
9
324 321 294 213 246 238 233 355 445
4
457 425 201 394
6
465 417 230 383 218 433
9
232 486 404 360 295 354 377 448 231
3
333 328 345
9
330 497 236 305 410 425 446 271 367
9
312 483 422 286 402 376 326 403 378
8
352 426 452 406 489 280 222 390
4
446 494 364 449
4
208 394 401 306
3
312 367 413
3
357 230 418
6
456 407 290 320 372 248
2
342 470
10
371 393 215 236 308 240 407 219 416 295
2
497 436
6
263 320 316 386 450 394
8
486 395 235 390 336 401 242 230
7
320 275 315 442 396 398 313
9
249 223 352 418 387 213 245 385 370
9
493 223 389 477 243 345 423 237 377
9
218 408 467 230 429 266 463 486 288
4
294 435 349 428
10
208 333 319 358 295 216 487 455 238 373
9
349 369 435 483 485 494 303 433 353
7
272 376 363 484 413 364 222
6
438 402 288 441 347 483
2
240 361
10
405 233 422 389 300 278 318 345 253 256
9
278 387 206 341 230 355 328 215 440
7
339 372 409 350 352 358 370
3
273 213 243
5
429 212 401 265 449
3
228 204 384
7
334 235 439 280 470 479 397
6
428 487 339 418 304 291
7
449 325 478 317 389 471 301
7
241 238 438 267 206 273 488
3
332 392 295
8
354 221 415 270 280 420 443 457
8
407 291 400 390 238 283 247 279
3
404 246 337
10
214 357 396 472 331 228 341 268 228 296
4
441 355 359 357
7
455 406 279 428 492 436 454
9
330 419 237 311 471 241 293 210 496
7
203 448 342 436 470 441 462
10
280 496 308 294 332 401 488 330 462 483
5
236 347 469 203 286
7
358 494 491 307 322 223 417
8
281 311 323 366 430 481 443 336
8
383 494 285 271 450 447 289 361
2
272 236
9
401 468 390 305 266 418 479 355 207
10
325 292 355 288 202 370 233 458 352 276
10
234 471 212 479 240 320 223 412 490 246
5
283 367 226 437 491
10
322 331 202 355 392 324 322 328 361 388
6
464 261 395 310 427 365
2
437 410
6
297 335 273 378 302 416
9
280 390 278 465 208 500 301 335 497
2
498 252
7
361 476 422 373 485 484 407
2
306 480
4
434 245 469 447
7
465 465 236 391 226 458 331
8
372 295 415 293 381 288 239 334
4
377 210 417 367
7
311 440 224 432 470 226 233
9
369 200 466 415 325 472 327 254 441
4
377 262 494 219
7
327 230 343 317 427 380 220
4
422 482 482 371
5
286 346 359 295 320
5
484 316 472 313 468
9
382 242 304 297 389 249 377 332 423
6
447 274 422 327 404 304
2
338 452
4
446 465 217 294
4
441 307 462 324
6
469 462 328 478 495 406
6
479 414 384 441 366 492
8
442 320 500 393 330 349 302 353
9
361 310 315 492 276 439 332 223 365
